2500,4
9800
2,1,0.90538
51,1,1.2085
1,2,0.90538
3,2,1.1334
52,2,1.001
2,3,1.1334
4,3,0.98051
53,3,0.82635
3,4,0.98051
5,4,1.1137
54,4,0.85089
4,5,1.1137
6,5,1.1585
55,5,1.0734
5,6,1.1585
7,6,1.4185
56,6,0.58776
6,7,1.4185
8,7,1.0024
57,7,0.60626
7,8,1.0024
9,8,0.96135
58,8,0.77673
8,9,0.96135
10,9,0.78572
59,9,0.52055
9,10,0.78572
11,10,0.94724
60,10,0.53223
10,11,0.94724
12,11,1.139
61,11,1.126
11,12,1.139
13,12,0.90049
62,12,1.147
12,13,0.90049
14,13,1.0349
63,13,1.0343
13,14,1.0349
15,14,0.4902
64,14,0.86262
14,15,0.4902
16,15,0.66494
65,15,0.77007
15,16,0.66494
17,16,1.0859
66,16,0.67516
16,17,1.0859
18,17,1.2767
67,17,0.87251
17,18,1.2767
19,18,0.86857
68,18,1.0492
18,19,0.86857
20,19,1.0718
69,19,0.8834
19,20,1.0718
21,20,0.54809
70,20,1.1999
20,21,0.54809
22,21,0.6755
71,21,0.98241
21,22,0.6755
23,22,1.1424
72,22,0.9073
22,23,1.1424
24,23,1.1004
73,23,0.90809
23,24,1.1004
25,24,1.3937
74,24,1.0597
24,25,1.3937
26,25,1.3417
75,25,1.3131
25,26,1.3417
27,26,0.79738
76,26,1.1055
26,27,0.79738
28,27,0.85719
77,27,1.1578
27,28,0.85719
29,28,1.1206
78,28,0.57006
28,29,1.1206
30,29,1.0123
79,29,1.3114
29,30,1.0123
31,30,1.0902
80,30,1.0795
30,31,1.0902
32,31,1.0821
81,31,1.1535
31,32,1.0821
33,32,1.0306
82,32,0.6484
32,33,1.0306
34,33,1.0899
83,33,1.2279
33,34,1.0899
35,34,1.1131
84,34,0.73059
34,35,1.1131
36,35,1.165
85,35,1.3061
35,36,1.165
37,36,0.7865
86,36,0.88036
36,37,0.7865
38,37,0.91447
87,37,1.1291
37,38,0.91447
39,38,1.163
88,38,0.77614
38,39,1.163
40,39,1.1742
89,39,1.0443
39,40,1.1742
41,40,1.1498
90,40,0.82622
40,41,1.1498
42,41,0.74506
91,41,0.73733
41,42,0.74506
43,42,1.1363
92,42,1.2503
42,43,1.1363
44,43,0.97988
93,43,1.2037
43,44,0.97988
45,44,1.0401
94,44,0.91634
44,45,1.0401
46,45,1.1454
95,45,0.8424
45,46,1.1454
47,46,1.0866
96,46,0.91615
46,47,1.0866
48,47,0.87579
97,47,0.95938
47,48,0.87579
49,48,1.2754
98,48,0.94252
48,49,1.2754
50,49,0.72487
99,49,0.58047
49,50,0.72487
100,50,0.84772
1,51,1.2085
52,51,0.80573
101,51,1.0369
2,52,1.001
51,52,0.80573
53,52,0.96691
102,52,0.80881
3,53,0.82635
52,53,0.96691
54,53,1.1255
103,53,0.69178
4,54,0.85089
53,54,1.1255
55,54,0.62949
104,54,0.79245
5,55,1.0734
54,55,0.62949
56,55,0.50908
105,55,1.0337
6,56,0.58776
55,56,0.50908
57,56,1.3133
106,56,0.91807
7,57,0.60626
56,57,1.3133
58,57,0.93499
107,57,0.78336
8,58,0.77673
57,58,0.93499
59,58,0.8228
108,58,1.3292
9,59,0.52055
58,59,0.8228
60,59,1.3268
109,59,1.2698
10,60,0.53223
59,60,1.3268
61,60,1.3804
110,60,1.0611
11,61,1.126
60,61,1.3804
62,61,1.1642
111,61,0.90962
12,62,1.147
61,62,1.1642
63,62,1.1672
112,62,1.0592
13,63,1.0343
62,63,1.1672
64,63,1.1006
113,63,1.1454
14,64,0.86262
63,64,1.1006
65,64,1.1151
114,64,0.92012
15,65,0.77007
64,65,1.1151
66,65,0.93553
115,65,0.75981
16,66,0.67516
65,66,0.93553
67,66,0.99883
116,66,1.0275
17,67,0.87251
66,67,0.99883
68,67,0.97466
117,67,1.3472
18,68,1.0492
67,68,0.97466
69,68,1.0339
118,68,0.90076
19,69,0.8834
68,69,1.0339
70,69,1.0937
119,69,0.85304
20,70,1.1999
69,70,1.0937
71,70,1.0058
120,70,0.829
21,71,0.98241
70,71,1.0058
72,71,0.83349
121,71,1.3978
22,72,0.9073
71,72,0.83349
73,72,0.94329
122,72,0.99488
23,73,0.90809
72,73,0.94329
74,73,0.94314
123,73,0.7307
24,74,1.0597
73,74,0.94314
75,74,0.83692
124,74,0.93612
25,75,1.3131
74,75,0.83692
76,75,0.96769
125,75,1.2803
26,76,1.1055
75,76,0.96769
77,76,0.90724
126,76,1.2077
27,77,1.1578
76,77,0.90724
78,77,0.80276
127,77,0.99545
28,78,0.57006
77,78,0.80276
79,78,1.2817
128,78,1.1859
29,79,1.3114
78,79,1.2817
80,79,1.0191
129,79,1.0741
30,80,1.0795
79,80,1.0191
81,80,0.62863
130,80,0.81396
31,81,1.1535
80,81,0.62863
82,81,1.0604
131,81,1.1791
32,82,0.6484
81,82,1.0604
83,82,0.98504
132,82,0.71372
33,83,1.2279
82,83,0.98504
84,83,1.083
133,83,1.2619
34,84,0.73059
83,84,1.083
85,84,1.1503
134,84,1.1217
35,85,1.3061
84,85,1.1503
86,85,0.77504
135,85,1.1156
36,86,0.88036
85,86,0.77504
87,86,1.4047
136,86,0.82219
37,87,1.1291
86,87,1.4047
88,87,1.0974
137,87,0.95387
38,88,0.77614
87,88,1.0974
89,88,0.757
138,88,1.0903
39,89,1.0443
88,89,0.757
90,89,0.85609
139,89,1.4661
40,90,0.82622
89,90,0.85609
91,90,0.95841
140,90,0.91458
41,91,0.73733
90,91,0.95841
92,91,1.2257
141,91,0.80659
42,92,1.2503
91,92,1.2257
93,92,1.2879
142,92,1.2424
43,93,1.2037
92,93,1.2879
94,93,1.0414
143,93,0.76113
44,94,0.91634
93,94,1.0414
95,94,1.0863
144,94,0.63138
45,95,0.8424
94,95,1.0863
96,95,0.79149
145,95,1.1633
46,96,0.91615
95,96,0.79149
97,96,1.0658
146,96,0.97434
47,97,0.95938
96,97,1.0658
98,97,0.48711
147,97,0.97507
48,98,0.94252
97,98,0.48711
99,98,1.0303
148,98,1.1388
49,99,0.58047
98,99,1.0303
100,99,1.2659
149,99,0.8115
50,100,0.84772
99,100,1.2659
150,100,0.45435
51,101,1.0369
102,101,0.77371
151,101,1.2607
52,102,0.80881
101,102,0.77371
103,102,0.98039
152,102,1.0533
53,103,0.69178
102,103,0.98039
104,103,0.83596
153,103,1.138
54,104,0.79245
103,104,0.83596
105,104,1.0491
154,104,1.231
55,105,1.0337
104,105,1.0491
106,105,0.97254
155,105,1.0195
56,106,0.91807
105,106,0.97254
107,106,0.85916
156,106,0.95345
57,107,0.78336
106,107,0.85916
108,107,1.4206
157,107,0.71646
58,108,1.3292
107,108,1.4206
109,108,0.90084
158,108,0.89779
59,109,1.2698
108,109,0.90084
110,109,0.60058
159,109,0.79706
60,110,1.0611
109,110,0.60058
111,110,0.93273
160,110,0.63501
61,111,0.90962
110,111,0.93273
112,111,0.81708
161,111,1.0749
62,112,1.0592
111,112,0.81708
113,112,0.82494
162,112,1.368
63,113,1.1454
112,113,0.82494
114,113,1.2895
163,113,1.2293
64,114,0.92012
113,114,1.2895
115,114,0.65935
164,114,0.60999
65,115,0.75981
114,115,0.65935
116,115,0.89047
165,115,1.3363
66,116,1.0275
115,116,0.89047
117,116,0.85233
166,116,0.80963
67,117,1.3472
116,117,0.85233
118,117,0.46839
167,117,1.1276
68,118,0.90076
117,118,0.46839
119,118,1.2196
168,118,0.84364
69,119,0.85304
118,119,1.2196
120,119,1.3817
169,119,1.1899
70,120,0.829
119,120,1.3817
121,120,1.0429
170,120,1.014
71,121,1.3978
120,121,1.0429
122,121,0.85418
171,121,0.99528
72,122,0.99488
121,122,0.85418
123,122,1.1724
172,122,0.97507
73,123,0.7307
122,123,1.1724
124,123,1.0371
173,123,0.91786
74,124,0.93612
123,124,1.0371
125,124,0.97787
174,124,0.87966
75,125,1.2803
124,125,0.97787
126,125,1.1997
175,125,0.94561
76,126,1.2077
125,126,1.1997
127,126,0.5864
176,126,1.1008
77,127,0.99545
126,127,0.5864
128,127,1.1651
177,127,0.70605
78,128,1.1859
127,128,1.1651
129,128,1.2566
178,128,0.89375
79,129,1.0741
128,129,1.2566
130,129,1.1344
179,129,1.0771
80,130,0.81396
129,130,1.1344
131,130,1.2995
180,130,1.0003
81,131,1.1791
130,131,1.2995
132,131,1.0249
181,131,1.3545
82,132,0.71372
131,132,1.0249
133,132,1.2415
182,132,0.88138
83,133,1.2619
132,133,1.2415
134,133,0.90787
183,133,0.8786
84,134,1.1217
133,134,0.90787
135,134,0.95971
184,134,1.3458
85,135,1.1156
134,135,0.95971
136,135,1.2989
185,135,1.2279
86,136,0.82219
135,136,1.2989
137,136,1.0567
186,136,1.1492
87,137,0.95387
136,137,1.0567
138,137,1.0023
187,137,0.67463
88,138,1.0903
137,138,1.0023
139,138,1.0825
188,138,0.93651
89,139,1.4661
138,139,1.0825
140,139,0.9983
189,139,1.0974
90,140,0.91458
139,140,0.9983
141,140,1.098
190,140,1.1785
91,141,0.80659
140,141,1.098
142,141,0.72474
191,141,0.92306
92,142,1.2424
141,142,0.72474
143,142,0.739
192,142,1.0535
93,143,0.76113
142,143,0.739
144,143,0.35913
193,143,1.1017
94,144,0.63138
143,144,0.35913
145,144,1.2342
194,144,1.1362
95,145,1.1633
144,145,1.2342
146,145,0.99475
195,145,1.042
96,146,0.97434
145,146,0.99475
147,146,1.012
196,146,0.99175
97,147,0.97507
146,147,1.012
148,147,0.76028
197,147,1.0705
98,148,1.1388
147,148,0.76028
149,148,0.94442
198,148,1.1932
99,149,0.8115
148,149,0.94442
150,149,1.1652
199,149,0.97113
100,150,0.45435
149,150,1.1652
200,150,1.0584
101,151,1.2607
152,151,1.6966
201,151,1.1956
102,152,1.0533
151,152,1.6966
153,152,1.0308
202,152,0.79665
103,153,1.138
152,153,1.0308
154,153,1.0658
203,153,0.95975
104,154,1.231
153,154,1.0658
155,154,1.0817
204,154,1.002
105,155,1.0195
154,155,1.0817
156,155,0.8786
205,155,0.9176
106,156,0.95345
155,156,0.8786
157,156,1.0459
206,156,0.96804
107,157,0.71646
156,157,1.0459
158,157,0.82836
207,157,1.0497
108,158,0.89779
157,158,0.82836
159,158,1.0194
208,158,1.0964
109,159,0.79706
158,159,1.0194
160,159,0.84679
209,159,0.911
110,160,0.63501
159,160,0.84679
161,160,0.71066
210,160,0.72314
111,161,1.0749
160,161,0.71066
162,161,0.9025
211,161,1.0483
112,162,1.368
161,162,0.9025
163,162,1.4472
212,162,1.0321
113,163,1.2293
162,163,1.4472
164,163,1.3203
213,163,0.9509
114,164,0.60999
163,164,1.3203
165,164,1.0403
214,164,1.3071
115,165,1.3363
164,165,1.0403
166,165,0.82491
215,165,0.99564
116,166,0.80963
165,166,0.82491
167,166,0.65227
216,166,0.98907
117,167,1.1276
166,167,0.65227
168,167,0.90171
217,167,1.3677
118,168,0.84364
167,168,0.90171
169,168,0.97764
218,168,0.88482
119,169,1.1899
168,169,0.97764
170,169,0.896
219,169,0.90965
120,170,1.014
169,170,0.896
171,170,1.1159
220,170,1.1995
121,171,0.99528
170,171,1.1159
172,171,1.2925
221,171,1.1403
122,172,0.97507
171,172,1.2925
173,172,1.1119
222,172,1.1625
123,173,0.91786
172,173,1.1119
174,173,1.1761
223,173,1.0552
124,174,0.87966
173,174,1.1761
175,174,1.074
224,174,1.4901
125,175,0.94561
174,175,1.074
176,175,0.69788
225,175,0.8649
126,176,1.1008
175,176,0.69788
177,176,1.0527
226,176,1.182
127,177,0.70605
176,177,1.0527
178,177,1.0726
227,177,0.94087
128,178,0.89375
177,178,1.0726
179,178,0.66356
228,178,0.80939
129,179,1.0771
178,179,0.66356
180,179,1.0138
229,179,0.85585
130,180,1.0003
179,180,1.0138
181,180,1.1845
230,180,1.4491
131,181,1.3545
180,181,1.1845
182,181,0.56185
231,181,0.92557
132,182,0.88138
181,182,0.56185
183,182,0.95133
232,182,1.1755
133,183,0.8786
182,183,0.95133
184,183,1.0113
233,183,0.83914
134,184,1.3458
183,184,1.0113
185,184,1.1418
234,184,1.1119
135,185,1.2279
184,185,1.1418
186,185,1.3809
235,185,1.0619
136,186,1.1492
185,186,1.3809
187,186,1.0186
236,186,1.0798
137,187,0.67463
186,187,1.0186
188,187,0.9914
237,187,1.1158
138,188,0.93651
187,188,0.9914
189,188,1.0102
238,188,0.82113
139,189,1.0974
188,189,1.0102
190,189,1.1963
239,189,0.78094
140,190,1.1785
189,190,1.1963
191,190,0.52741
240,190,1.086
141,191,0.92306
190,191,0.52741
192,191,0.84311
241,191,1.0089
142,192,1.0535
191,192,0.84311
193,192,1.2281
242,192,1.0636
143,193,1.1017
192,193,1.2281
194,193,1.0859
243,193,1.2794
144,194,1.1362
193,194,1.0859
195,194,1.1032
244,194,0.91983
145,195,1.042
194,195,1.1032
196,195,1.181
245,195,0.95486
146,196,0.99175
195,196,1.181
197,196,0.9843
246,196,1.2098
147,197,1.0705
196,197,0.9843
198,197,0.55888
247,197,0.88275
148,198,1.1932
197,198,0.55888
199,198,1.4157
248,198,1.0844
149,199,0.97113
198,199,1.4157
200,199,0.89111
249,199,1.106
150,200,1.0584
199,200,0.89111
250,200,0.74989
151,201,1.1956
202,201,0.75928
251,201,1.0588
152,202,0.79665
201,202,0.75928
203,202,0.87103
252,202,1.3424
153,203,0.95975
202,203,0.87103
204,203,1.0442
253,203,0.67595
154,204,1.002
203,204,1.0442
205,204,0.94817
254,204,0.85748
155,205,0.9176
204,205,0.94817
206,205,1.0509
255,205,0.7601
156,206,0.96804
205,206,1.0509
207,206,1.025
256,206,0.94141
157,207,1.0497
206,207,1.025
208,207,1.0175
257,207,0.72843
158,208,1.0964
207,208,1.0175
209,208,1.2275
258,208,0.98147
159,209,0.911
208,209,1.2275
210,209,1.0153
259,209,1.0647
160,210,0.72314
209,210,1.0153
211,210,1.2241
260,210,0.96224
161,211,1.0483
210,211,1.2241
212,211,0.93536
261,211,1.0107
162,212,1.0321
211,212,0.93536
213,212,0.92651
262,212,0.76541
163,213,0.9509
212,213,0.92651
214,213,1.0006
263,213,1.0815
164,214,1.3071
213,214,1.0006
215,214,1.1044
264,214,0.95273
165,215,0.99564
214,215,1.1044
216,215,1.0644
265,215,1.277
166,216,0.98907
215,216,1.0644
217,216,1.1149
266,216,1.0749
167,217,1.3677
216,217,1.1149
218,217,0.89946
267,217,0.83108
168,218,0.88482
217,218,0.89946
219,218,1.3614
268,218,1.1957
169,219,0.90965
218,219,1.3614
220,219,1.2073
269,219,1.241
170,220,1.1995
219,220,1.2073
221,220,0.68968
270,220,1.0516
171,221,1.1403
220,221,0.68968
222,221,0.77498
271,221,1.0223
172,222,1.1625
221,222,0.77498
223,222,0.62
272,222,0.97951
173,223,1.0552
222,223,0.62
224,223,0.9136
273,223,0.60519
174,224,1.4901
223,224,0.9136
225,224,0.77156
274,224,0.97091
175,225,0.8649
224,225,0.77156
226,225,0.88967
275,225,1.0956
176,226,1.182
225,226,0.88967
227,226,1.3748
276,226,0.91905
177,227,0.94087
226,227,1.3748
228,227,1.0996
277,227,0.85613
178,228,0.80939
227,228,1.0996
229,228,1.1669
278,228,0.7535
179,229,0.85585
228,229,1.1669
230,229,0.84704
279,229,0.74732
180,230,1.4491
229,230,0.84704
231,230,1.1714
280,230,0.77962
181,231,0.92557
230,231,1.1714
232,231,1.2322
281,231,0.84336
182,232,1.1755
231,232,1.2322
233,232,0.86505
282,232,1.0649
183,233,0.83914
232,233,0.86505
234,233,0.91073
283,233,1.4185
184,234,1.1119
233,234,0.91073
235,234,0.90557
284,234,1.2732
185,235,1.0619
234,235,0.90557
236,235,1.1764
285,235,1.2876
186,236,1.0798
235,236,1.1764
237,236,0.82777
286,236,1.242
187,237,1.1158
236,237,0.82777
238,237,1.0361
287,237,1.1605
188,238,0.82113
237,238,1.0361
239,238,0.95117
288,238,1.2422
189,239,0.78094
238,239,0.95117
240,239,1.4016
289,239,0.91673
190,240,1.086
239,240,1.4016
241,240,1.0386
290,240,0.95137
191,241,1.0089
240,241,1.0386
242,241,1.1213
291,241,1.1832
192,242,1.0636
241,242,1.1213
243,242,0.73547
292,242,0.91987
193,243,1.2794
242,243,0.73547
244,243,1.2162
293,243,1.1403
194,244,0.91983
243,244,1.2162
245,244,0.8431
294,244,1.1643
195,245,0.95486
244,245,0.8431
246,245,1.0284
295,245,0.97295
196,246,1.2098
245,246,1.0284
247,246,0.71002
296,246,1.1584
197,247,0.88275
246,247,0.71002
248,247,0.92156
297,247,0.80405
198,248,1.0844
247,248,0.92156
249,248,0.81396
298,248,0.8608
199,249,1.106
248,249,0.81396
250,249,0.80169
299,249,0.64805
200,250,0.74989
249,250,0.80169
300,250,1.0458
201,251,1.0588
252,251,0.95182
301,251,0.92574
202,252,1.3424
251,252,0.95182
253,252,1.0083
302,252,1.1206
203,253,0.67595
252,253,1.0083
254,253,1.3043
303,253,0.92597
204,254,0.85748
253,254,1.3043
255,254,0.73829
304,254,0.94505
205,255,0.7601
254,255,0.73829
256,255,0.64807
305,255,1.1541
206,256,0.94141
255,256,0.64807
257,256,0.77161
306,256,1.2689
207,257,0.72843
256,257,0.77161
258,257,0.8494
307,257,1.172
208,258,0.98147
257,258,0.8494
259,258,1.006
308,258,0.87733
209,259,1.0647
258,259,1.006
260,259,0.90215
309,259,1.0908
210,260,0.96224
259,260,0.90215
261,260,1.6692
310,260,0.92506
211,261,1.0107
260,261,1.6692
262,261,0.98654
311,261,0.90831
212,262,0.76541
261,262,0.98654
263,262,1.0855
312,262,0.89074
213,263,1.0815
262,263,1.0855
264,263,0.88525
313,263,0.94975
214,264,0.95273
263,264,0.88525
265,264,1.0915
314,264,1.2618
215,265,1.277
264,265,1.0915
266,265,0.9632
315,265,0.92599
216,266,1.0749
265,266,0.9632
267,266,0.64008
316,266,0.926
217,267,0.83108
266,267,0.64008
268,267,0.86878
317,267,1.161
218,268,1.1957
267,268,0.86878
269,268,1.445
318,268,1.1822
219,269,1.241
268,269,1.445
270,269,1.0634
319,269,0.96101
220,270,1.0516
269,270,1.0634
271,270,1.2481
320,270,0.96793
221,271,1.0223
270,271,1.2481
272,271,1.1178
321,271,1.2297
222,272,0.97951
271,272,1.1178
273,272,0.72649
322,272,1.1069
223,273,0.60519
272,273,0.72649
274,273,1.2291
323,273,0.96623
224,274,0.97091
273,274,1.2291
275,274,1.1428
324,274,0.93061
225,275,1.0956
274,275,1.1428
276,275,0.71615
325,275,1.2622
226,276,0.91905
275,276,0.71615
277,276,0.82312
326,276,0.94994
227,277,0.85613
276,277,0.82312
278,277,0.8688
327,277,0.49604
228,278,0.7535
277,278,0.8688
279,278,0.76211
328,278,1.1272
229,279,0.74732
278,279,0.76211
280,279,1.0013
329,279,0.85181
230,280,0.77962
279,280,1.0013
281,280,1.1975
330,280,0.75718
231,281,0.84336
280,281,1.1975
282,281,1.1443
331,281,0.82297
232,282,1.0649
281,282,1.1443
283,282,0.60645
332,282,0.74862
233,283,1.4185
282,283,0.60645
284,283,0.90386
333,283,1.1678
234,284,1.2732
283,284,0.90386
285,284,0.6223
334,284,0.93981
235,285,1.2876
284,285,0.6223
286,285,1.3685
335,285,0.49132
236,286,1.242
285,286,1.3685
287,286,0.8965
336,286,1.3887
237,287,1.1605
286,287,0.8965
288,287,1.1093
337,287,0.93117
238,288,1.2422
287,288,1.1093
289,288,1.0586
338,288,0.90747
239,289,0.91673
288,289,1.0586
290,289,1.198
339,289,1.1045
240,290,0.95137
289,290,1.198
291,290,1.1445
340,290,1.1357
241,291,1.1832
290,291,1.1445
292,291,0.80424
341,291,1.1081
242,292,0.91987
291,292,0.80424
293,292,0.98619
342,292,0.705
243,293,1.1403
292,293,0.98619
294,293,1.0329
343,293,1.1592
244,294,1.1643
293,294,1.0329
295,294,0.63789
344,294,0.82883
245,295,0.97295
294,295,0.63789
296,295,1.3103
345,295,1.1295
246,296,1.1584
295,296,1.3103
297,296,0.86093
346,296,1.2345
247,297,0.80405
296,297,0.86093
298,297,1.1375
347,297,1.3172
248,298,0.8608
297,298,1.1375
299,298,1.195
348,298,1.1685
249,299,0.64805
298,299,1.195
300,299,1.0264
349,299,1.2477
250,300,1.0458
299,300,1.0264
350,300,1.0251
251,301,0.92574
302,301,1.0484
351,301,1.2892
252,302,1.1206
301,302,1.0484
303,302,1.2847
352,302,0.77114
253,303,0.92597
302,303,1.2847
304,303,1.2523
353,303,0.79002
254,304,0.94505
303,304,1.2523
305,304,0.82762
354,304,1.1155
255,305,1.1541
304,305,0.82762
306,305,0.81058
355,305,0.61744
256,306,1.2689
305,306,0.81058
307,306,1.5243
356,306,1.0898
257,307,1.172
306,307,1.5243
308,307,0.87616
357,307,1.2989
258,308,0.87733
307,308,0.87616
309,308,0.78709
358,308,0.89992
259,309,1.0908
308,309,0.78709
310,309,0.90256
359,309,1.043
260,310,0.92506
309,310,0.90256
311,310,0.97708
360,310,0.94376
261,311,0.90831
310,311,0.97708
312,311,1.0601
361,311,0.90808
262,312,0.89074
311,312,1.0601
313,312,0.91823
362,312,1.1221
263,313,0.94975
312,313,0.91823
314,313,1.0227
363,313,1.1204
264,314,1.2618
313,314,1.0227
315,314,0.98108
364,314,0.904
265,315,0.92599
314,315,0.98108
316,315,1.1566
365,315,0.9606
266,316,0.926
315,316,1.1566
317,316,1.38
366,316,0.81245
267,317,1.161
316,317,1.38
318,317,0.79825
367,317,0.92039
268,318,1.1822
317,318,0.79825
319,318,1.017
368,318,0.99838
269,319,0.96101
318,319,1.017
320,319,1.1607
369,319,1.1336
270,320,0.96793
319,320,1.1607
321,320,1.0797
370,320,0.61727
271,321,1.2297
320,321,1.0797
322,321,1.082
371,321,1.399
272,322,1.1069
321,322,1.082
323,322,1.171
372,322,1.3325
273,323,0.96623
322,323,1.171
324,323,1.0929
373,323,1.1823
274,324,0.93061
323,324,1.0929
325,324,0.79275
374,324,0.91447
275,325,1.2622
324,325,0.79275
326,325,0.70449
375,325,1.146
276,326,0.94994
325,326,0.70449
327,326,0.95485
376,326,1.189
277,327,0.49604
326,327,0.95485
328,327,1.3061
377,327,1.2637
278,328,1.1272
327,328,1.3061
329,328,0.90593
378,328,0.92984
279,329,0.85181
328,329,0.90593
330,329,1.01
379,329,0.96594
280,330,0.75718
329,330,1.01
331,330,0.89936
380,330,1.4016
281,331,0.82297
330,331,0.89936
332,331,0.70728
381,331,1.1001
282,332,0.74862
331,332,0.70728
333,332,1.2288
382,332,0.66725
283,333,1.1678
332,333,1.2288
334,333,1.1596
383,333,1.1349
284,334,0.93981
333,334,1.1596
335,334,0.98112
384,334,1.1143
285,335,0.49132
334,335,0.98112
336,335,0.88462
385,335,1.1558
286,336,1.3887
335,336,0.88462
337,336,1.1989
386,336,1.0005
287,337,0.93117
336,337,1.1989
338,337,0.72959
387,337,1.1562
288,338,0.90747
337,338,0.72959
339,338,0.93488
388,338,1.0215
289,339,1.1045
338,339,0.93488
340,339,1.1135
389,339,1.222
290,340,1.1357
339,340,1.1135
341,340,0.84803
390,340,1.0636
291,341,1.1081
340,341,0.84803
342,341,0.97721
391,341,1.0497
292,342,0.705
341,342,0.97721
343,342,1.1982
392,342,1.0208
293,343,1.1592
342,343,1.1982
344,343,1.2252
393,343,0.84461
294,344,0.82883
343,344,1.2252
345,344,1.0999
394,344,1.4638
295,345,1.1295
344,345,1.0999
346,345,0.95352
395,345,1.0659
296,346,1.2345
345,346,0.95352
347,346,1.0329
396,346,1.0634
297,347,1.3172
346,347,1.0329
348,347,0.82294
397,347,0.93287
298,348,1.1685
347,348,0.82294
349,348,1.3923
398,348,0.9976
299,349,1.2477
348,349,1.3923
350,349,0.9582
399,349,1.1207
300,350,1.0251
349,350,0.9582
400,350,1.0929
301,351,1.2892
352,351,0.91048
401,351,0.86475
302,352,0.77114
351,352,0.91048
353,352,1.1398
402,352,1.0049
303,353,0.79002
352,353,1.1398
354,353,0.97022
403,353,0.68338
304,354,1.1155
353,354,0.97022
355,354,1.1461
404,354,0.78669
305,355,0.61744
354,355,1.1461
356,355,0.89193
405,355,0.93699
306,356,1.0898
355,356,0.89193
357,356,1.2568
406,356,1.0623
307,357,1.2989
356,357,1.2568
358,357,1.1216
407,357,1.1761
308,358,0.89992
357,358,1.1216
359,358,1.0369
408,358,1.4147
309,359,1.043
358,359,1.0369
360,359,0.92679
409,359,0.86711
310,360,0.94376
359,360,0.92679
361,360,0.57929
410,360,0.49943
311,361,0.90808
360,361,0.57929
362,361,0.73702
411,361,1.302
312,362,1.1221
361,362,0.73702
363,362,1.0994
412,362,1.1708
313,363,1.1204
362,363,1.0994
364,363,0.83143
413,363,1.219
314,364,0.904
363,364,0.83143
365,364,0.55626
414,364,1.1738
315,365,0.9606
364,365,0.55626
366,365,1.1244
415,365,1.2248
316,366,0.81245
365,366,1.1244
367,366,0.90158
416,366,0.91638
317,367,0.92039
366,367,0.90158
368,367,1.2157
417,367,0.91241
318,368,0.99838
367,368,1.2157
369,368,1.1692
418,368,0.97325
319,369,1.1336
368,369,1.1692
370,369,0.96193
419,369,0.81475
320,370,0.61727
369,370,0.96193
371,370,0.87924
420,370,0.96857
321,371,1.399
370,371,0.87924
372,371,0.82932
421,371,1.2233
322,372,1.3325
371,372,0.82932
373,372,1.2011
422,372,0.98589
323,373,1.1823
372,373,1.2011
374,373,1.0257
423,373,1.1298
324,374,0.91447
373,374,1.0257
375,374,1.2473
424,374,0.98656
325,375,1.146
374,375,1.2473
376,375,1.1
425,375,0.78363
326,376,1.189
375,376,1.1
377,376,1.2597
426,376,1.1945
327,377,1.2637
376,377,1.2597
378,377,1.1098
427,377,0.904
328,378,0.92984
377,378,1.1098
379,378,1.1406
428,378,0.785
329,379,0.96594
378,379,1.1406
380,379,1.1985
429,379,0.78958
330,380,1.4016
379,380,1.1985
381,380,0.43019
430,380,1.1041
331,381,1.1001
380,381,0.43019
382,381,0.91225
431,381,0.78809
332,382,0.66725
381,382,0.91225
383,382,0.92691
432,382,1.2296
333,383,1.1349
382,383,0.92691
384,383,0.76091
433,383,0.99736
334,384,1.1143
383,384,0.76091
385,384,0.98196
434,384,0.98075
335,385,1.1558
384,385,0.98196
386,385,0.87251
435,385,1.0096
336,386,1.0005
385,386,0.87251
387,386,1.2528
436,386,1.1712
337,387,1.1562
386,387,1.2528
388,387,0.90172
437,387,0.81166
338,388,1.0215
387,388,0.90172
389,388,0.65643
438,388,0.9968
339,389,1.222
388,389,0.65643
390,389,1.3351
439,389,1.2691
340,390,1.0636
389,390,1.3351
391,390,0.93594
440,390,1.0769
341,391,1.0497
390,391,0.93594
392,391,0.73036
441,391,1.0119
342,392,1.0208
391,392,0.73036
393,392,0.70359
442,392,1.0297
343,393,0.84461
392,393,0.70359
394,393,0.96976
443,393,0.77814
344,394,1.4638
393,394,0.96976
395,394,1.1022
444,394,0.97368
345,395,1.0659
394,395,1.1022
396,395,0.73025
445,395,1.1335
346,396,1.0634
395,396,0.73025
397,396,0.97674
446,396,1.3008
347,397,0.93287
396,397,0.97674
398,397,1.0655
447,397,0.91234
348,398,0.9976
397,398,1.0655
399,398,1.3822
448,398,0.85871
349,399,1.1207
398,399,1.3822
400,399,0.89428
449,399,0.86501
350,400,1.0929
399,400,0.89428
450,400,0.9999
351,401,0.86475
402,401,0.88459
451,401,1.212
352,402,1.0049
401,402,0.88459
403,402,0.9807
452,402,1.072
353,403,0.68338
402,403,0.9807
404,403,1.4346
453,403,1.1278
354,404,0.78669
403,404,1.4346
405,404,0.89885
454,404,0.75189
355,405,0.93699
404,405,0.89885
406,405,0.86188
455,405,0.95907
356,406,1.0623
405,406,0.86188
407,406,1.0292
456,406,1.2165
357,407,1.1761
406,407,1.0292
408,407,1.0528
457,407,0.88899
358,408,1.4147
407,408,1.0528
409,408,1.1943
458,408,1.0295
359,409,0.86711
408,409,1.1943
410,409,1.0274
459,409,0.79899
360,410,0.49943
409,410,1.0274
411,410,1.2239
460,410,0.74259
361,411,1.302
410,411,1.2239
412,411,0.99078
461,411,1.0022
362,412,1.1708
411,412,0.99078
413,412,1.1303
462,412,0.9491
363,413,1.219
412,413,1.1303
414,413,1.136
463,413,1.3369
364,414,1.1738
413,414,1.136
415,414,0.98252
464,414,1.0903
365,415,1.2248
414,415,0.98252
416,415,1.3115
465,415,0.95133
366,416,0.91638
415,416,1.3115
417,416,1.2081
466,416,0.88586
367,417,0.91241
416,417,1.2081
418,417,0.88077
467,417,1.0391
368,418,0.97325
417,418,0.88077
419,418,1.2115
468,418,1.0208
369,419,0.81475
418,419,1.2115
420,419,1.167
469,419,1.2566
370,420,0.96857
419,420,1.167
421,420,0.79162
470,420,1.2959
371,421,1.2233
420,421,0.79162
422,421,1.2394
471,421,1.0679
372,422,0.98589
421,422,1.2394
423,422,0.71311
472,422,1.2203
373,423,1.1298
422,423,0.71311
424,423,0.97885
473,423,0.92144
374,424,0.98656
423,424,0.97885
425,424,0.89266
474,424,1.1637
375,425,0.78363
424,425,0.89266
426,425,0.98903
475,425,0.96266
376,426,1.1945
425,426,0.98903
427,426,0.89527
476,426,0.71878
377,427,0.904
426,427,0.89527
428,427,0.88401
477,427,0.88177
378,428,0.785
427,428,0.88401
429,428,1.1802
478,428,1.1704
379,429,0.78958
428,429,1.1802
430,429,1.0176
479,429,1.1708
380,430,1.1041
429,430,1.0176
431,430,1.1423
480,430,1.0864
381,431,0.78809
430,431,1.1423
432,431,1.1543
481,431,0.8069
382,432,1.2296
431,432,1.1543
433,432,1.2478
482,432,1.1565
383,433,0.99736
432,433,1.2478
434,433,0.88605
483,433,0.91973
384,434,0.98075
433,434,0.88605
435,434,0.87023
484,434,1.0366
385,435,1.0096
434,435,0.87023
436,435,1.0693
485,435,0.83563
386,436,1.1712
435,436,1.0693
437,436,1.0664
486,436,1.0805
387,437,0.81166
436,437,1.0664
438,437,1.311
487,437,1.1424
388,438,0.9968
437,438,1.311
439,438,1.0904
488,438,1.0557
389,439,1.2691
438,439,1.0904
440,439,1.0376
489,439,1.0623
390,440,1.0769
439,440,1.0376
441,440,1.0304
490,440,1.2996
391,441,1.0119
440,441,1.0304
442,441,0.79845
491,441,0.98927
392,442,1.0297
441,442,0.79845
443,442,0.97634
492,442,0.78714
393,443,0.77814
442,443,0.97634
444,443,1.136
493,443,1.0888
394,444,0.97368
443,444,1.136
445,444,1.099
494,444,1.311
395,445,1.1335
444,445,1.099
446,445,0.94002
495,445,1.2516
396,446,1.3008
445,446,0.94002
447,446,1.3536
496,446,1.401
397,447,0.91234
446,447,1.3536
448,447,0.62963
497,447,0.91772
398,448,0.85871
447,448,0.62963
449,448,0.85305
498,448,0.81739
399,449,0.86501
448,449,0.85305
450,449,1.0152
499,449,1.0815
400,450,0.9999
449,450,1.0152
500,450,1.1263
401,451,1.212
452,451,1.2386
501,451,0.70178
402,452,1.072
451,452,1.2386
453,452,1.1279
502,452,1.0733
403,453,1.1278
452,453,1.1279
454,453,0.86973
503,453,1.1319
404,454,0.75189
453,454,0.86973
455,454,1.1117
504,454,1.1135
405,455,0.95907
454,455,1.1117
456,455,1.0409
505,455,1.0625
406,456,1.2165
455,456,1.0409
457,456,0.5462
506,456,0.9632
407,457,0.88899
456,457,0.5462
458,457,0.86628
507,457,1.1772
408,458,1.0295
457,458,0.86628
459,458,1.003
508,458,0.90887
409,459,0.79899
458,459,1.003
460,459,1.0119
509,459,1.0938
410,460,0.74259
459,460,1.0119
461,460,0.68164
510,460,0.95978
411,461,1.0022
460,461,0.68164
462,461,1.0522
511,461,0.95699
412,462,0.9491
461,462,1.0522
463,462,0.89357
512,462,0.92277
413,463,1.3369
462,463,0.89357
464,463,0.65802
513,463,0.81871
414,464,1.0903
463,464,0.65802
465,464,0.98475
514,464,1.183
415,465,0.95133
464,465,0.98475
466,465,0.89386
515,465,0.83913
416,466,0.88586
465,466,0.89386
467,466,0.92211
516,466,0.87878
417,467,1.0391
466,467,0.92211
468,467,1.1196
517,467,0.70635
418,468,1.0208
467,468,1.1196
469,468,1.0616
518,468,0.84933
419,469,1.2566
468,469,1.0616
470,469,1.0208
519,469,0.89793
420,470,1.2959
469,470,1.0208
471,470,0.99649
520,470,1.0808
421,471,1.0679
470,471,0.99649
472,471,0.60349
521,471,0.924
422,472,1.2203
471,472,0.60349
473,472,1.2932
522,472,1.3102
423,473,0.92144
472,473,1.2932
474,473,0.9295
523,473,1.1237
424,474,1.1637
473,474,0.9295
475,474,1.1427
524,474,0.72369
425,475,0.96266
474,475,1.1427
476,475,1.1527
525,475,1.2478
426,476,0.71878
475,476,1.1527
477,476,1.1114
526,476,0.74399
427,477,0.88177
476,477,1.1114
478,477,1.113
527,477,1.0748
428,478,1.1704
477,478,1.113
479,478,0.96465
528,478,1.074
429,479,1.1708
478,479,0.96465
480,479,1.3103
529,479,1.1864
430,480,1.0864
479,480,1.3103
481,480,0.61959
530,480,0.91392
431,481,0.8069
480,481,0.61959
482,481,0.93985
531,481,0.79405
432,482,1.1565
481,482,0.93985
483,482,1.134
532,482,0.88681
433,483,0.91973
482,483,1.134
484,483,1.0491
533,483,0.98167
434,484,1.0366
483,484,1.0491
485,484,1.305
534,484,0.86169
435,485,0.83563
484,485,1.305
486,485,0.95674
535,485,0.96414
436,486,1.0805
485,486,0.95674
487,486,1.2659
536,486,0.55992
437,487,1.1424
486,487,1.2659
488,487,0.78867
537,487,1.0157
438,488,1.0557
487,488,0.78867
489,488,0.76368
538,488,0.82183
439,489,1.0623
488,489,0.76368
490,489,1.1161
539,489,1.0116
440,490,1.2996
489,490,1.1161
491,490,0.84962
540,490,0.75842
441,491,0.98927
490,491,0.84962
492,491,0.82284
541,491,0.94363
442,492,0.78714
491,492,0.82284
493,492,0.86204
542,492,1.0961
443,493,1.0888
492,493,0.86204
494,493,1.0279
543,493,1.1539
444,494,1.311
493,494,1.0279
495,494,0.80307
544,494,0.74874
445,495,1.2516
494,495,0.80307
496,495,1.0487
545,495,0.85622
446,496,1.401
495,496,1.0487
497,496,1.0397
546,496,1.0831
447,497,0.91772
496,497,1.0397
498,497,1.0467
547,497,0.91587
448,498,0.81739
497,498,1.0467
499,498,1.0315
548,498,0.97598
449,499,1.0815
498,499,1.0315
500,499,0.9033
549,499,1.2672
450,500,1.1263
499,500,0.9033
550,500,0.90497
451,501,0.70178
502,501,1.0137
551,501,0.92349
452,502,1.0733
501,502,1.0137
503,502,0.93354
552,502,1.2342
453,503,1.1319
502,503,0.93354
504,503,0.71022
553,503,0.76209
454,504,1.1135
503,504,0.71022
505,504,1.4352
554,504,0.74146
455,505,1.0625
504,505,1.4352
506,505,0.9795
555,505,1.0078
456,506,0.9632
505,506,0.9795
507,506,1.0182
556,506,1.2897
457,507,1.1772
506,507,1.0182
508,507,1.1406
557,507,0.69438
458,508,0.90887
507,508,1.1406
509,508,1.1077
558,508,0.96745
459,509,1.0938
508,509,1.1077
510,509,1.1122
559,509,1.2041
460,510,0.95978
509,510,1.1122
511,510,1.3007
560,510,1.4127
461,511,0.95699
510,511,1.3007
512,511,1.1006
561,511,0.87868
462,512,0.92277
511,512,1.1006
513,512,1.1566
562,512,0.96609
463,513,0.81871
512,513,1.1566
514,513,0.8461
563,513,1.2202
464,514,1.183
513,514,0.8461
515,514,1.1487
564,514,0.95708
465,515,0.83913
514,515,1.1487
516,515,0.97137
565,515,1.0611
466,516,0.87878
515,516,0.97137
517,516,1.1512
566,516,0.87385
467,517,0.70635
516,517,1.1512
518,517,1.0265
567,517,0.92329
468,518,0.84933
517,518,1.0265
519,518,0.74855
568,518,0.9536
469,519,0.89793
518,519,0.74855
520,519,1.1339
569,519,1.015
470,520,1.0808
519,520,1.1339
521,520,1.2371
570,520,0.94668
471,521,0.924
520,521,1.2371
522,521,1.0846
571,521,1.0953
472,522,1.3102
521,522,1.0846
523,522,0.7241
572,522,0.9857
473,523,1.1237
522,523,0.7241
524,523,0.73382
573,523,0.96272
474,524,0.72369
523,524,0.73382
525,524,1.2029
574,524,0.90118
475,525,1.2478
524,525,1.2029
526,525,1.1491
575,525,1.3287
476,526,0.74399
525,526,1.1491
527,526,0.85768
576,526,0.66801
477,527,1.0748
526,527,0.85768
528,527,1.032
577,527,0.99169
478,528,1.074
527,528,1.032
529,528,0.94231
578,528,1.133
479,529,1.1864
528,529,0.94231
530,529,0.78324
579,529,1.0489
480,530,0.91392
529,530,0.78324
531,530,1.2667
580,530,0.7634
481,531,0.79405
530,531,1.2667
532,531,0.91117
581,531,0.95149
482,532,0.88681
531,532,0.91117
533,532,0.97797
582,532,0.80384
483,533,0.98167
532,533,0.97797
534,533,0.78746
583,533,1.3556
484,534,0.86169
533,534,0.78746
535,534,0.80635
584,534,1.3526
485,535,0.96414
534,535,0.80635
536,535,1.0159
585,535,0.97943
486,536,0.55992
535,536,1.0159
537,536,0.7759
586,536,1.07
487,537,1.0157
536,537,0.7759
538,537,0.85215
587,537,0.88233
488,538,0.82183
537,538,0.85215
539,538,1.4957
588,538,1.0968
489,539,1.0116
538,539,1.4957
540,539,1.205
589,539,0.86958
490,540,0.75842
539,540,1.205
541,540,0.48257
590,540,1.2748
491,541,0.94363
540,541,0.48257
542,541,0.80472
591,541,0.94016
492,542,1.0961
541,542,0.80472
543,542,1.2681
592,542,1.3459
493,543,1.1539
542,543,1.2681
544,543,0.84275
593,543,1.3592
494,544,0.74874
543,544,0.84275
545,544,0.87308
594,544,1.1379
495,545,0.85622
544,545,0.87308
546,545,1.1504
595,545,1.0132
496,546,1.0831
545,546,1.1504
547,546,1.1258
596,546,1.1066
497,547,0.91587
546,547,1.1258
548,547,1.0603
597,547,0.89455
498,548,0.97598
547,548,1.0603
549,548,0.98544
598,548,0.63028
499,549,1.2672
548,549,0.98544
550,549,1.1231
599,549,0.99337
500,550,0.90497
549,550,1.1231
600,550,0.89411
501,551,0.92349
552,551,1.0498
601,551,1.2545
502,552,1.2342
551,552,1.0498
553,552,1.0514
602,552,1.0097
503,553,0.76209
552,553,1.0514
554,553,1.0573
603,553,1.1951
504,554,0.74146
553,554,1.0573
555,554,0.89772
604,554,1.0768
505,555,1.0078
554,555,0.89772
556,555,0.88522
605,555,1.0118
506,556,1.2897
555,556,0.88522
557,556,0.98915
606,556,0.42631
507,557,0.69438
556,557,0.98915
558,557,1.0008
607,557,0.68492
508,558,0.96745
557,558,1.0008
559,558,0.76712
608,558,1.073
509,559,1.2041
558,559,0.76712
560,559,1.0419
609,559,1.2843
510,560,1.4127
559,560,1.0419
561,560,0.75243
610,560,1.1086
511,561,0.87868
560,561,0.75243
562,561,0.72139
611,561,1.1557
512,562,0.96609
561,562,0.72139
563,562,0.82409
612,562,0.86683
513,563,1.2202
562,563,0.82409
564,563,1.1721
613,563,1.0221
514,564,0.95708
563,564,1.1721
565,564,0.97176
614,564,1.0086
515,565,1.0611
564,565,0.97176
566,565,0.78501
615,565,1.0775
516,566,0.87385
565,566,0.78501
567,566,0.99697
616,566,1.0013
517,567,0.92329
566,567,0.99697
568,567,1.1017
617,567,0.90652
518,568,0.9536
567,568,1.1017
569,568,0.94677
618,568,0.53212
519,569,1.015
568,569,0.94677
570,569,1.3276
619,569,0.41475
520,570,0.94668
569,570,1.3276
571,570,1.0837
620,570,0.99714
521,571,1.0953
570,571,1.0837
572,571,0.86395
621,571,0.75347
522,572,0.9857
571,572,0.86395
573,572,0.98461
622,572,1.3228
523,573,0.96272
572,573,0.98461
574,573,1.0864
623,573,0.88029
524,574,0.90118
573,574,1.0864
575,574,1.1522
624,574,0.96225
525,575,1.3287
574,575,1.1522
576,575,0.91292
625,575,0.81905
526,576,0.66801
575,576,0.91292
577,576,0.89134
626,576,1.1076
527,577,0.99169
576,577,0.89134
578,577,0.75131
627,577,0.95069
528,578,1.133
577,578,0.75131
579,578,0.86931
628,578,0.88947
529,579,1.0489
578,579,0.86931
580,579,1.0158
629,579,1.159
530,580,0.7634
579,580,1.0158
581,580,0.96551
630,580,1.3012
531,581,0.95149
580,581,0.96551
582,581,0.84436
631,581,0.94814
532,582,0.80384
581,582,0.84436
583,582,1.157
632,582,0.90934
533,583,1.3556
582,583,1.157
584,583,1.5586
633,583,0.88124
534,584,1.3526
583,584,1.5586
585,584,0.86149
634,584,1.3316
535,585,0.97943
584,585,0.86149
586,585,0.84778
635,585,0.78806
536,586,1.07
585,586,0.84778
587,586,0.97255
636,586,1.0625
537,587,0.88233
586,587,0.97255
588,587,0.92768
637,587,0.84877
538,588,1.0968
587,588,0.92768
589,588,0.76312
638,588,0.91114
539,589,0.86958
588,589,0.76312
590,589,1.1211
639,589,1.3034
540,590,1.2748
589,590,1.1211
591,590,1.2844
640,590,0.55785
541,591,0.94016
590,591,1.2844
592,591,0.8197
641,591,1.2471
542,592,1.3459
591,592,0.8197
593,592,0.79135
642,592,0.97018
543,593,1.3592
592,593,0.79135
594,593,1.1569
643,593,0.68353
544,594,1.1379
593,594,1.1569
595,594,0.86181
644,594,1.1473
545,595,1.0132
594,595,0.86181
596,595,1.0357
645,595,1.3663
546,596,1.1066
595,596,1.0357
597,596,1.159
646,596,1.0229
547,597,0.89455
596,597,1.159
598,597,1.4277
647,597,0.98952
548,598,0.63028
597,598,1.4277
599,598,1.2689
648,598,0.8348
549,599,0.99337
598,599,1.2689
600,599,0.72229
649,599,0.9051
550,600,0.89411
599,600,0.72229
650,600,1.0325
551,601,1.2545
602,601,1.1485
651,601,1.3008
552,602,1.0097
601,602,1.1485
603,602,0.97023
652,602,0.94516
553,603,1.1951
602,603,0.97023
604,603,0.88984
653,603,1.2125
554,604,1.0768
603,604,0.88984
605,604,1.3149
654,604,1.2486
555,605,1.0118
604,605,1.3149
606,605,0.97107
655,605,1.177
556,606,0.42631
605,606,0.97107
607,606,0.76729
656,606,0.99304
557,607,0.68492
606,607,0.76729
608,607,0.9683
657,607,1.2444
558,608,1.073
607,608,0.9683
609,608,0.86739
658,608,0.59049
559,609,1.2843
608,609,0.86739
610,609,0.43927
659,609,0.9175
560,610,1.1086
609,610,0.43927
611,610,0.75058
660,610,0.85369
561,611,1.1557
610,611,0.75058
612,611,1.045
661,611,1.0516
562,612,0.86683
611,612,1.045
613,612,1.2153
662,612,0.95102
563,613,1.0221
612,613,1.2153
614,613,1.164
663,613,0.83828
564,614,1.0086
613,614,1.164
615,614,1.0081
664,614,1.5303
565,615,1.0775
614,615,1.0081
616,615,0.65774
665,615,1.1272
566,616,1.0013
615,616,0.65774
617,616,1.092
666,616,0.86321
567,617,0.90652
616,617,1.092
618,617,0.91234
667,617,1.2464
568,618,0.53212
617,618,0.91234
619,618,1.1045
668,618,1.0754
569,619,0.41475
618,619,1.1045
620,619,1.1614
669,619,0.96391
570,620,0.99714
619,620,1.1614
621,620,0.9469
670,620,0.80409
571,621,0.75347
620,621,0.9469
622,621,1.348
671,621,0.78364
572,622,1.3228
621,622,1.348
623,622,1.0301
672,622,0.74157
573,623,0.88029
622,623,1.0301
624,623,1.2445
673,623,1.1425
574,624,0.96225
623,624,1.2445
625,624,1.1573
674,624,0.81791
575,625,0.81905
624,625,1.1573
626,625,0.69648
675,625,0.93566
576,626,1.1076
625,626,0.69648
627,626,0.98165
676,626,1.1879
577,627,0.95069
626,627,0.98165
628,627,0.94826
677,627,1.17
578,628,0.88947
627,628,0.94826
629,628,1.2976
678,628,0.96017
579,629,1.159
628,629,1.2976
630,629,0.59982
679,629,1.0769
580,630,1.3012
629,630,0.59982
631,630,1.2477
680,630,1.4289
581,631,0.94814
630,631,1.2477
632,631,0.95963
681,631,1.0778
582,632,0.90934
631,632,0.95963
633,632,1.1047
682,632,1.2262
583,633,0.88124
632,633,1.1047
634,633,1.189
683,633,0.71298
584,634,1.3316
633,634,1.189
635,634,1.402
684,634,1.0891
585,635,0.78806
634,635,1.402
636,635,1.3079
685,635,1.1962
586,636,1.0625
635,636,1.3079
637,636,1.3324
686,636,0.79762
587,637,0.84877
636,637,1.3324
638,637,1.3885
687,637,0.71695
588,638,0.91114
637,638,1.3885
639,638,0.98344
688,638,0.67857
589,639,1.3034
638,639,0.98344
640,639,1.1087
689,639,0.78152
590,640,0.55785
639,640,1.1087
641,640,0.92659
690,640,1.2891
591,641,1.2471
640,641,0.92659
642,641,1.1473
691,641,1.2689
592,642,0.97018
641,642,1.1473
643,642,0.88383
692,642,0.9735
593,643,0.68353
642,643,0.88383
644,643,0.86798
693,643,0.74168
594,644,1.1473
643,644,0.86798
645,644,1.3648
694,644,0.89049
595,645,1.3663
644,645,1.3648
646,645,1.2536
695,645,0.65429
596,646,1.0229
645,646,1.2536
647,646,1.356
696,646,0.67662
597,647,0.98952
646,647,1.356
648,647,0.90053
697,647,1.169
598,648,0.8348
647,648,0.90053
649,648,1.269
698,648,0.96984
599,649,0.9051
648,649,1.269
650,649,1.0169
699,649,1.0134
600,650,1.0325
649,650,1.0169
700,650,0.81635
601,651,1.3008
652,651,1.031
701,651,1.1236
602,652,0.94516
651,652,1.031
653,652,1.2623
702,652,1.1382
603,653,1.2125
652,653,1.2623
654,653,1.0058
703,653,0.94341
604,654,1.2486
653,654,1.0058
655,654,0.99229
704,654,0.96607
605,655,1.177
654,655,0.99229
656,655,0.90743
705,655,0.93955
606,656,0.99304
655,656,0.90743
657,656,1.0828
706,656,1.0114
607,657,1.2444
656,657,1.0828
658,657,1.4209
707,657,0.80383
608,658,0.59049
657,658,1.4209
659,658,0.94762
708,658,0.95593
609,659,0.9175
658,659,0.94762
660,659,1.172
709,659,0.47361
610,660,0.85369
659,660,1.172
661,660,1.0622
710,660,1.2206
611,661,1.0516
660,661,1.0622
662,661,0.98209
711,661,0.91979
612,662,0.95102
661,662,0.98209
663,662,0.88544
712,662,1.1761
613,663,0.83828
662,663,0.88544
664,663,0.91003
713,663,0.8619
614,664,1.5303
663,664,0.91003
665,664,0.54008
714,664,0.69146
615,665,1.1272
664,665,0.54008
666,665,0.91937
715,665,1.1313
616,666,0.86321
665,666,0.91937
667,666,0.83914
716,666,1.2634
617,667,1.2464
666,667,0.83914
668,667,1.3167
717,667,0.82485
618,668,1.0754
667,668,1.3167
669,668,0.86325
718,668,0.97542
619,669,0.96391
668,669,0.86325
670,669,1.0772
719,669,0.79457
620,670,0.80409
669,670,1.0772
671,670,0.9276
720,670,0.49295
621,671,0.78364
670,671,0.9276
672,671,1.0597
721,671,0.85537
622,672,0.74157
671,672,1.0597
673,672,0.78148
722,672,1.4849
623,673,1.1425
672,673,0.78148
674,673,0.85427
723,673,0.97267
624,674,0.81791
673,674,0.85427
675,674,0.93813
724,674,0.86677
625,675,0.93566
674,675,0.93813
676,675,0.836
725,675,1.1086
626,676,1.1879
675,676,0.836
677,676,0.75199
726,676,0.9558
627,677,1.17
676,677,0.75199
678,677,0.96537
727,677,1.1287
628,678,0.96017
677,678,0.96537
679,678,1.1535
728,678,1.1843
629,679,1.0769
678,679,1.1535
680,679,0.92041
729,679,1.163
630,680,1.4289
679,680,0.92041
681,680,0.81259
730,680,1.2893
631,681,1.0778
680,681,0.81259
682,681,0.73542
731,681,1.2127
632,682,1.2262
681,682,0.73542
683,682,0.80358
